25350366-[276268558,409003211,409003214,276268561,395157688,276268565,409003218,394657287,394657288,276268569,276268571,276268572,276268573,276268575,276268579,276268581,276268498,674886591,674886594,674886595,674886596,1067613570,6389640278,276268558]
25350375-[3898442552,685860701,276268628,276268629,276268630,276268631,3902756826,276268632,353869125,276268633,276268634,276268635,276268636,671596077,276268637,6389642037,276268638,1641850193,1641850189,1641850186,276268641,276268642,276268643,276268644,276268645,276268646,276268647,276268648,276268649,276268650,3898442556,3898442552]
25350387-[276268894,347571909,347571910,276268897,6179757323,6179757324,6179757322,347571921,347571919,6179757321,347571916,357274522,357274526,357274616,357274614,357274549,357274548,357274536,357274533,358358231,358358224,358358232,22371097,357515436,276268908,357515439,357515443,22371129,22371134,534279361,317527285,771034756,276268912,276268913,347571881,276268916,6179757471,347571905,276268919,724476304,724476125,276268920,276268921,724476263,724476296,347571886,276268923,347571887,276268925,724476217,276268926,276268894]
31820603-[356269641,356269642,356269643,356269644,356269645,356269646,356269648,356269649,356269650,356270197,356270202,356270191,3899397052,3899404462,3899404461,3899397055,3899397051,356269655,356269656,356269657,356269658,356269659,356269660,356269661,356269662,356269663,356269664,356269665,356269666,356269667,356269668,356269669,356269670,3898442531,3898442551,356269671,356269672,356269673,356269674,356269676,3994174701,356269679,356269680,356269681,356269682,356269641]
31822753-[3899397056,3899397054,3899404462,356292144,3898442541,356290095,356290096,356290097,6179757318,356290098,356290099,356290100,356290101,356290102,356290103,356290104,356290105,356290106,356290107,356290108,356290109,356290137,356290110,777255404,21451601,356292193,777255340,21453648,771237429,771237432,2883189964,356290058,356290059,356290121,356290124,356290126,3899397056]
31822886-[777255378,777255400,777255363,777255395,777255415,356292181,356292183,440296378,356292184,440296376,356292185,440296373,356292186,299297696,409003318,299297695,2883189971,356292188,356290128,777255383,777255355,777255380,777255378]
31900163-[357292700,324618341,357515366,392266353,357292748,357292752,357292756,357292760,357292765,392266359,392266360,392261186,392266361,4038169490,434657723,357292782,357292786,357292791,357292794,357292800,357292808,3902756827,357292813,3902756828,3902756833,3902756825,3902756831,357292821,357292827,357292833,317527418,357292844,317527415,317527414,357292700]
31920001-[357292700,324618341,357515366,357515370,392266409,357515374,357515391,392266411,357515378,7212986399,7212986402,317527299,7212986401,357515388,357292700]
31978508-[358356857,347571874,358356863,358356867,358356869,358356872,358356876,358356879,358356883,358356886,358356890,358356893,360652521,360652530,360652519,358356909,360652518,358356916,725005562,358356976,358356926,277422686,345107861,345107862,277422685,358356979,355614857,355614890,355614887,355614856,355614884,358356988,358356955,358356958,355614874,358356961,345107864,358356965,351794826,358356973,358356857]
34203431-[392266412,392266413,392266458,392266459,392266416,392266448,392266446,5649872819,5649873326,392266462,392266463,6245581089,392280421,392266465,357524777,392266412]
34626358-[767547094,402502228,402502229,402502230,402502231,402502232,767542040,402502233,402502234,402502235,402502236,402502237,402502238,402502239,402502240,402502241,402502242,402502243,402502244,402502245,402502246,402502247,402502248,402502249,583803463,402502250,401435432,255265505,402502257,402502252,402502253,402502254,402502255,767547147,767547096,402502256,567116473,767547094]
61859204-[1404560363,771034666,1404560355,3027518303,3027518304,771034710,771034667,3027518302,3027518301,3026815256,3026815258,3026815257,3026815259,771036852,771036860,771036876,771034591,771034600,1404560347,771034740,771034724,771034602,771034768,771034637,771034663,771034750,358355399,347571878,347571877,347571875,347571874,358356857,358355410,358355412,359059594,359059595,351792169,277422656,277422655,359059599,359059600,359059589,3027457300,771034648,771034617,771034707,771034640,771034727,771034693,771034773,771034755,771034626,7325410680,1404560363]
61859208-[771034753,358353206,3026815270,357524733,3027518305,771034620,771034753]
386501804-[356290056,771237432,2883189964,356290058,356290059,356290060,356290061,3898442534,356290062,356290063,356290064,356290065,356290066,356290067,3898461157,356290056]
386501805-[356290050,3994174700,356290052,356290053,356290054,3903073402,3898442539,356290072,356290073,356290074,356290075,356290076,356290077,356290078,3899391281,356290079,356290080,356290081,356290082,356290083,356290084,356290085,356290050]
386687889-[3900427140,3900427142,3900427129,3900427072,3900427130,3900427101,3900427137,3900427157,3900427166,3900427148,3625598304,3900427107,273724965,357515356,357515328,357524771,357524769,3625598298,3900427095,3900427088,3900427134,3900427090,3900427128,3900427140]
